(kicad_pcb (version 20171130) (host pcbnew "(5.1.12)-1")

  (general
    (thickness 1.6)
    (drawings 5)
    (tracks 411)
    (zones 0)
    (modules 55)
    (nets 68)
  )

  (page A4)
  (layers
    (0 F.Cu signal)
    (31 B.Cu signal)
    (32 B.Adhes user hide)
    (33 F.Adhes user hide)
    (34 B.Paste user hide)
    (35 F.Paste user hide)
    (36 B.SilkS user hide)
    (37 F.SilkS user)
    (38 B.Mask user hide)
    (39 F.Mask user hide)
    (40 Dwgs.User user)
    (41 Cmts.User user hide)
    (42 Eco1.User user)
    (43 Eco2.User user hide)
    (44 Edge.Cuts user)
    (45 Margin user hide)
    (46 B.CrtYd user hide)
    (47 F.CrtYd user)
    (48 B.Fab user hide)
    (49 F.Fab user hide)
  )

  (setup
    (last_trace_width 0.25)
    (trace_clearance 0.2)
    (zone_clearance 0.2)
    (zone_45_only no)
    (trace_min 0.2)
    (via_size 0.8)
    (via_drill 0.4)
    (via_min_size 0.4)
    (via_min_drill 0.3)
    (uvia_size 0.3)
    (uvia_drill 0.1)
    (uvias_allowed no)
    (uvia_min_size 0.2)
    (uvia_min_drill 0.1)
    (edge_width 0.05)
    (segment_width 0.2)
    (pcb_text_width 0.3)
    (pcb_text_size 1.5 1.5)
    (mod_edge_width 0.12)
    (mod_text_size 1 1)
    (mod_text_width 0.15)
    (pad_size 2.2 2.2)
    (pad_drill 2)
    (pad_to_mask_clearance 0.051)
    (solder_mask_min_width 0.25)
    (aux_axis_origin 0 0)
    (visible_elements 7FFFFFFF)
    (pcbplotparams
      (layerselection 0x010fc_ffffffff)
      (usegerberextensions false)
      (usegerberattributes false)
      (usegerberadvancedattributes false)
      (creategerberjobfile false)
      (excludeedgelayer true)
      (linewidth 0.100000)
      (plotframeref false)
      (viasonmask false)
      (mode 1)
      (useauxorigin false)
      (hpglpennumber 1)
      (hpglpenspeed 20)
      (hpglpendiameter 15.000000)
      (psnegative false)
      (psa4output false)
      (plotreference true)
      (plotvalue false)
      (plotinvisibletext false)
      (padsonsilk false)
      (subtractmaskfromsilk false)
      (outputformat 1)
      (mirror false)
      (drillshape 0)
      (scaleselection 1)
      (outputdirectory "gerbs/"))
  )

  (net 0 "")
  (net 1 /Red)
  (net 2 "Net-(C2-Pad1)")
  (net 3 /Green)
  (net 4 /Blue)
  (net 5 VCC)
  (net 6 GND)
  (net 7 +5V)
  (net 8 /HSYNC)
  (net 9 /VSYNC)
  (net 10 VS)
  (net 11 "Net-(J2-Pad4)")
  (net 12 /CSYNC)
  (net 13 "Net-(C1-Pad2)")
  (net 14 "Net-(C6-Pad1)")
  (net 15 "Net-(C7-Pad1)")
  (net 16 "Net-(J1-PadB5)")
  (net 17 "Net-(J1-PadA5)")
  (net 18 "Net-(J2-Pad15)")
  (net 19 "Net-(J2-Pad12)")
  (net 20 "Net-(J2-Pad11)")
  (net 21 "Net-(J2-Pad9)")
  (net 22 "Net-(J3-Pad1)")
  (net 23 "Net-(J3-Pad19)")
  (net 24 "Net-(J3-Pad16)")
  (net 25 "Net-(J3-Pad12)")
  (net 26 "Net-(J3-Pad10)")
  (net 27 "Net-(J3-Pad6)")
  (net 28 "Net-(J3-Pad3)")
  (net 29 "Net-(J3-Pad2)")
  (net 30 "Net-(R11-Pad1)")
  (net 31 "Net-(R12-Pad2)")
  (net 32 "Net-(R13-Pad2)")
  (net 33 "Net-(R14-Pad2)")
  (net 34 "Net-(U1-Pad7)")
  (net 35 "Net-(U1-Pad5)")
  (net 36 "Net-(U1-Pad3)")
  (net 37 /SYNC)
  (net 38 /STRIP_CSYNC)
  (net 39 /VGA_CSYNC)
  (net 40 "Net-(C5-Pad1)")
  (net 41 "Net-(C12-Pad2)")
  (net 42 "Net-(C12-Pad1)")
  (net 43 "Net-(C13-Pad2)")
  (net 44 "Net-(C13-Pad1)")
  (net 45 "Net-(C14-Pad2)")
  (net 46 "Net-(C14-Pad1)")
  (net 47 "Net-(U2-Pad4)")
  (net 48 "Net-(U5-Pad23)")
  (net 49 "Net-(U5-Pad22)")
  (net 50 "Net-(U5-Pad21)")
  (net 51 "Net-(C15-Pad2)")
  (net 52 "Net-(C16-Pad2)")
  (net 53 "Net-(C17-Pad2)")
  (net 54 "Net-(C17-Pad1)")
  (net 55 "Net-(C16-Pad1)")
  (net 56 "Net-(C15-Pad1)")
  (net 57 "Net-(R18-Pad2)")
  (net 58 "Net-(R19-Pad2)")
  (net 59 "Net-(R20-Pad2)")
  (net 60 "Net-(FB1-Pad1)")
  (net 61 "Net-(R21-Pad2)")
  (net 62 "Net-(R21-Pad1)")
  (net 63 "Net-(D1-Pad2)")
  (net 64 "Net-(U4-Pad14)")
  (net 65 "Net-(U4-Pad8)")
  (net 66 "Net-(U4-Pad7)")
  (net 67 "Net-(U4-Pad1)")

  (net_class Default "This is the default net class."
    (clearance 0.2)
    (trace_width 0.25)
    (via_dia 0.8)
    (via_drill 0.4)
    (uvia_dia 0.3)
    (uvia_drill 0.1)
    (add_net +5V)
    (add_net /Blue)
    (add_net /CSYNC)
    (add_net /Green)
    (add_net /HSYNC)
    (add_net /Red)
    (add_net /STRIP_CSYNC)
    (add_net /SYNC)
    (add_net /VGA_CSYNC)
    (add_net /VSYNC)
    (add_net GND)
    (add_net "Net-(C1-Pad2)")
    (add_net "Net-(C12-Pad1)")
    (add_net "Net-(C12-Pad2)")
    (add_net "Net-(C13-Pad1)")
    (add_net "Net-(C13-Pad2)")
    (add_net "Net-(C14-Pad1)")
    (add_net "Net-(C14-Pad2)")
    (add_net "Net-(C15-Pad1)")
    (add_net "Net-(C15-Pad2)")
    (add_net "Net-(C16-Pad1)")
    (add_net "Net-(C16-Pad2)")
    (add_net "Net-(C17-Pad1)")
    (add_net "Net-(C17-Pad2)")
    (add_net "Net-(C2-Pad1)")
    (add_net "Net-(C5-Pad1)")
    (add_net "Net-(C6-Pad1)")
    (add_net "Net-(C7-Pad1)")
    (add_net "Net-(D1-Pad2)")
    (add_net "Net-(FB1-Pad1)")
    (add_net "Net-(J1-PadA5)")
    (add_net "Net-(J1-PadB5)")
    (add_net "Net-(J2-Pad11)")
    (add_net "Net-(J2-Pad12)")
    (add_net "Net-(J2-Pad15)")
    (add_net "Net-(J2-Pad4)")
    (add_net "Net-(J2-Pad9)")
    (add_net "Net-(J3-Pad1)")
    (add_net "Net-(J3-Pad10)")
    (add_net "Net-(J3-Pad12)")
    (add_net "Net-(J3-Pad16)")
    (add_net "Net-(J3-Pad19)")
    (add_net "Net-(J3-Pad2)")
    (add_net "Net-(J3-Pad3)")
    (add_net "Net-(J3-Pad6)")
    (add_net "Net-(R11-Pad1)")
    (add_net "Net-(R12-Pad2)")
    (add_net "Net-(R13-Pad2)")
    (add_net "Net-(R14-Pad2)")
    (add_net "Net-(R18-Pad2)")
    (add_net "Net-(R19-Pad2)")
    (add_net "Net-(R20-Pad2)")
    (add_net "Net-(R21-Pad1)")
    (add_net "Net-(R21-Pad2)")
    (add_net "Net-(U1-Pad3)")
    (add_net "Net-(U1-Pad5)")
    (add_net "Net-(U1-Pad7)")
    (add_net "Net-(U2-Pad4)")
    (add_net "Net-(U4-Pad1)")
    (add_net "Net-(U4-Pad14)")
    (add_net "Net-(U4-Pad7)")
    (add_net "Net-(U4-Pad8)")
    (add_net "Net-(U5-Pad21)")
    (add_net "Net-(U5-Pad22)")
    (add_net "Net-(U5-Pad23)")
    (add_net VCC)
    (add_net VS)
  )

  (module Package_SO:TSSOP-14_4.4x5mm_P0.65mm (layer F.Cu) (tedit 5E476F32) (tstamp 6273030C)
    (at 44.3 98.15 90)
    (descr "TSSOP, 14 Pin (JEDEC MO-153 Var AB-1 https://www.jedec.org/document_search?search_api_views_fulltext=MO-153), generated with kicad-footprint-generator ipc_gullwing_generator.py")
    (tags "TSSOP SO")
    (path /6272F820)
    (attr smd)
    (fp_text reference U4 (at 0 -3.45 90) (layer F.SilkS)
      (effects (font (size 1 1) (thickness 0.15)))
    )
    (fp_text value THS7374 (at 0 3.45 90) (layer F.Fab)
      (effects (font (size 1 1) (thickness 0.15)))
    )
    (fp_text user %R (at 0 0 90) (layer F.Fab)
      (effects (font (size 1 1) (thickness 0.15)))
    )
    (fp_line (start 0 2.61) (end 2.2 2.61) (layer F.SilkS) (width 0.12))
    (fp_line (start 0 2.61) (end -2.2 2.61) (layer F.SilkS) (width 0.12))
    (fp_line (start 0 -2.61) (end 2.2 -2.61) (layer F.SilkS) (width 0.12))
    (fp_line (start 0 -2.61) (end -3.6 -2.61) (layer F.SilkS) (width 0.12))
    (fp_line (start -1.2 -2.5) (end 2.2 -2.5) (layer F.Fab) (width 0.1))
    (fp_line (start 2.2 -2.5) (end 2.2 2.5) (layer F.Fab) (width 0.1))
    (fp_line (start 2.2 2.5) (end -2.2 2.5) (layer F.Fab) (width 0.1))
    (fp_line (start -2.2 2.5) (end -2.2 -1.5) (layer F.Fab) (width 0.1))
    (fp_line (start -2.2 -1.5) (end -1.2 -2.5) (layer F.Fab) (width 0.1))
    (fp_line (start -3.85 -2.75) (end -3.85 2.75) (layer F.CrtYd) (width 0.05))
    (fp_line (start -3.85 2.75) (end 3.85 2.75) (layer F.CrtYd) (width 0.05))
    (fp_line (start 3.85 2.75) (end 3.85 -2.75) (layer F.CrtYd) (width 0.05))
    (fp_line (start 3.85 -2.75) (end -3.85 -2.75) (layer F.CrtYd) (width 0.05))
    (pad 14 smd roundrect (at 2.8625 -1.95 90) (size 1.475 0.4) (layers F.Cu F.Paste F.Mask) (roundrect_rratio 0.25)
      (net 64 "Net-(U4-Pad14)"))
    (pad 13 smd roundrect (at 2.8625 -1.3 90) (size 1.475 0.4) (layers F.Cu F.Paste F.Mask) (roundrect_rratio 0.25)
      (net 57 "Net-(R18-Pad2)"))
    (pad 12 smd roundrect (at 2.8625 -0.65 90) (size 1.475 0.4) (layers F.Cu F.Paste F.Mask) (roundrect_rratio 0.25)
      (net 58 "Net-(R19-Pad2)"))
    (pad 11 smd roundrect (at 2.8625 0 90) (size 1.475 0.4) (layers F.Cu F.Paste F.Mask) (roundrect_rratio 0.25)
      (net 59 "Net-(R20-Pad2)"))
    (pad 10 smd roundrect (at 2.8625 0.65 90) (size 1.475 0.4) (layers F.Cu F.Paste F.Mask) (roundrect_rratio 0.25)
      (net 5 VCC))
    (pad 9 smd roundrect (at 2.8625 1.3 90) (size 1.475 0.4) (layers F.Cu F.Paste F.Mask) (roundrect_rratio 0.25)
      (net 6 GND))
    (pad 8 smd roundrect (at 2.8625 1.95 90) (size 1.475 0.4) (layers F.Cu F.Paste F.Mask) (roundrect_rratio 0.25)
      (net 65 "Net-(U4-Pad8)"))
    (pad 7 smd roundrect (at -2.8625 1.95 90) (size 1.475 0.4) (layers F.Cu F.Paste F.Mask) (roundrect_rratio 0.25)
      (net 66 "Net-(U4-Pad7)"))
    (pad 6 smd roundrect (at -2.8625 1.3 90) (size 1.475 0.4) (layers F.Cu F.Paste F.Mask) (roundrect_rratio 0.25)
      (net 6 GND))
    (pad 5 smd roundrect (at -2.8625 0.65 90) (size 1.475 0.4) (layers F.Cu F.Paste F.Mask) (roundrect_rratio 0.25)
      (net 6 GND))
    (pad 4 smd roundrect (at -2.8625 0 90) (size 1.475 0.4) (layers F.Cu F.Paste F.Mask) (roundrect_rratio 0.25)
      (net 15 "Net-(C7-Pad1)"))
    (pad 3 smd roundrect (at -2.8625 -0.65 90) (size 1.475 0.4) (layers F.Cu F.Paste F.Mask) (roundrect_rratio 0.25)
      (net 14 "Net-(C6-Pad1)"))
    (pad 2 smd roundrect (at -2.8625 -1.3 90) (size 1.475 0.4) (layers F.Cu F.Paste F.Mask) (roundrect_rratio 0.25)
      (net 40 "Net-(C5-Pad1)"))
    (pad 1 smd roundrect (at -2.8625 -1.95 90) (size 1.475 0.4) (layers F.Cu F.Paste F.Mask) (roundrect_rratio 0.25)
      (net 67 "Net-(U4-Pad1)"))
    (model ${KISYS3DMOD}/Package_SO.3dshapes/TSSOP-14_4.4x5mm_P0.65mm.wrl
      (at (xyz 0 0 0))
      (scale (xyz 1 1 1))
      (rotate (xyz 0 0 0))
    )
  )

  (module Oscillator:Oscillator_SMD_Abracon_ASV-4Pin_7.0x5.1mm (layer F.Cu) (tedit 58CD3344) (tstamp 5DC098B8)
    (at 55.5 94.05 90)
    (descr "Miniature Crystal Clock Oscillator Abracon ASV series, http://www.abracon.com/Oscillators/ASV.pdf, 7.0x5.1mm^2 package")
    (tags "SMD SMT crystal oscillator")
    (path /5DCC3D93)
    (attr smd)
    (fp_text reference X1 (at 0 -4 90) (layer F.SilkS)
      (effects (font (size 1 1) (thickness 0.15)))
    )
    (fp_text value S7D3.579545A20F30T (at 0 4 90) (layer F.Fab)
      (effects (font (size 1 1) (thickness 0.15)))
    )
    (fp_text user %R (at 0 0 90) (layer F.Fab)
      (effects (font (size 1 1) (thickness 0.15)))
    )
    (fp_line (start -3.4 -2.54) (end 3.4 -2.54) (layer F.Fab) (width 0.1))
    (fp_line (start 3.4 -2.54) (end 3.5 -2.44) (layer F.Fab) (width 0.1))
    (fp_line (start 3.5 -2.44) (end 3.5 2.44) (layer F.Fab) (width 0.1))
    (fp_line (start 3.5 2.44) (end 3.4 2.54) (layer F.Fab) (width 0.1))
    (fp_line (start 3.4 2.54) (end -3.4 2.54) (layer F.Fab) (width 0.1))
    (fp_line (start -3.4 2.54) (end -3.5 2.44) (layer F.Fab) (width 0.1))
    (fp_line (start -3.5 2.44) (end -3.5 -2.44) (layer F.Fab) (width 0.1))
    (fp_line (start -3.5 -2.44) (end -3.4 -2.54) (layer F.Fab) (width 0.1))
    (fp_line (start -3.5 1.54) (end -2.5 2.54) (layer F.Fab) (width 0.1))
    (fp_line (start 3.64 -2.74) (end 3.7 -2.74) (layer F.SilkS) (width 0.12))
    (fp_line (start 3.7 -2.74) (end 3.7 2.74) (layer F.SilkS) (width 0.12))
    (fp_line (start 3.7 2.74) (end 3.64 2.74) (layer F.SilkS) (width 0.12))
    (fp_line (start -1.44 -2.74) (end 1.44 -2.74) (layer F.SilkS) (width 0.12))
    (fp_line (start -3.64 3.2) (end -3.64 2.74) (layer F.SilkS) (width 0.12))
    (fp_line (start -3.64 2.74) (end -3.7 2.74) (layer F.SilkS) (width 0.12))
    (fp_line (start -3.7 2.74) (end -3.7 -2.74) (layer F.SilkS) (width 0.12))
    (fp_line (start -3.7 -2.74) (end -3.64 -2.74) (layer F.SilkS) (width 0.12))
    (fp_line (start 1.44 2.74) (end -1.44 2.74) (layer F.SilkS) (width 0.12))
    (fp_line (start -1.44 2.74) (end -1.44 3.2) (layer F.SilkS) (width 0.12))
    (fp_line (start -3.8 -3.3) (end -3.8 3.3) (layer F.CrtYd) (width 0.05))
    (fp_line (start -3.8 3.3) (end 3.8 3.3) (layer F.CrtYd) (width 0.05))
    (fp_line (start 3.8 3.3) (end 3.8 -3.3) (layer F.CrtYd) (width 0.05))
    (fp_line (start 3.8 -3.3) (end -3.8 -3.3) (layer F.CrtYd) (width 0.05))
    (fp_circle (center 0 0) (end 1 0) (layer F.Adhes) (width 0.1))
    (fp_circle (center 0 0) (end 0.833333 0) (layer F.Adhes) (width 0.333333))
    (fp_circle (center 0 0) (end 0.533333 0) (layer F.Adhes) (width 0.333333))
    (fp_circle (center 0 0) (end 0.233333 0) (layer F.Adhes) (width 0.466667))
    (pad 4 smd rect (at -2.54 -2 90) (size 1.8 2) (layers F.Cu F.Paste F.Mask)
      (net 5 VCC))
    (pad 3 smd rect (at 2.54 -2 90) (size 1.8 2) (layers F.Cu F.Paste F.Mask)
      (net 61 "Net-(R21-Pad2)"))
    (pad 2 smd rect (at 2.54 2 90) (size 1.8 2) (layers F.Cu F.Paste F.Mask)
      (net 6 GND))
    (pad 1 smd rect (at -2.54 2 90) (size 1.8 2) (layers F.Cu F.Paste F.Mask)
      (net 5 VCC))
    (model ${KISYS3DMOD}/Oscillator.3dshapes/Oscillator_SMD_Abracon_ASV-4Pin_7.0x5.1mm.wrl
      (at (xyz 0 0 0))
      (scale (xyz 1 1 1))
      (rotate (xyz 0 0 0))
    )
  )

  (module Capacitor_SMD:C_0805_2012Metric (layer F.Cu) (tedit 5F68FEEE) (tstamp 61924595)
    (at 47 45.1 270)
    (descr "Capacitor SMD 0805 (2012 Metric), square (rectangular) end terminal, IPC_7351 nominal, (Body size source: IPC-SM-782 page 76, https://www.pcb-3d.com/wordpress/wp-content/uploads/ipc-sm-782a_amendment_1_and_2.pdf, https://docs.google.com/spreadsheets/d/1BsfQQcO9C6DZCsRaXUlFlo91Tg2WpOkGARC1WS5S8t0/edit?usp=sharing), generated with kicad-footprint-generator")
    (tags capacitor)
    (path /61939B87)
    (attr smd)
    (fp_text reference FB2 (at 0 -1.68 90) (layer F.SilkS)
      (effects (font (size 1 1) (thickness 0.15)))
    )
    (fp_text value Ferrite_Bead_Small (at 0 1.68 90) (layer F.Fab)
      (effects (font (size 1 1) (thickness 0.15)))
    )
    (fp_line (start 1.7 0.98) (end -1.7 0.98) (layer F.CrtYd) (width 0.05))
    (fp_line (start 1.7 -0.98) (end 1.7 0.98) (layer F.CrtYd) (width 0.05))
    (fp_line (start -1.7 -0.98) (end 1.7 -0.98) (layer F.CrtYd) (width 0.05))
    (fp_line (start -1.7 0.98) (end -1.7 -0.98) (layer F.CrtYd) (width 0.05))
    (fp_line (start -0.261252 0.735) (end 0.261252 0.735) (layer F.SilkS) (width 0.12))
    (fp_line (start -0.261252 -0.735) (end 0.261252 -0.735) (layer F.SilkS) (width 0.12))
    (fp_line (start 1 0.625) (end -1 0.625) (layer F.Fab) (width 0.1))
    (fp_line (start 1 -0.625) (end 1 0.625) (layer F.Fab) (width 0.1))
    (fp_line (start -1 -0.625) (end 1 -0.625) (layer F.Fab) (width 0.1))
    (fp_line (start -1 0.625) (end -1 -0.625) (layer F.Fab) (width 0.1))
    (fp_text user %R (at 0 0 90) (layer F.Fab)
      (effects (font (size 0.5 0.5) (thickness 0.08)))
    )
    (pad 2 smd roundrect (at 0.95 0 270) (size 1 1.45) (layers F.Cu F.Paste F.Mask) (roundrect_rratio 0.25)
      (net 5 VCC))
    (pad 1 smd roundrect (at -0.95 0 270) (size 1 1.45) (layers F.Cu F.Paste F.Mask) (roundrect_rratio 0.25)
      (net 7 +5V))
    (model ${KISYS3DMOD}/Capacitor_SMD.3dshapes/C_0805_2012Metric.wrl
      (at (xyz 0 0 0))
      (scale (xyz 1 1 1))
      (rotate (xyz 0 0 0))
    )
  )

  (module Resistor_SMD:R_0805_2012Metric (layer F.Cu) (tedit 5F68FEEE) (tstamp 5DC068B3)
    (at 54.9 73.9 270)
    (descr "Resistor SMD 0805 (2012 Metric), square (rectangular) end terminal, IPC_7351 nominal, (Body size source: IPC-SM-782 page 72, https://www.pcb-3d.com/wordpress/wp-content/uploads/ipc-sm-782a_amendment_1_and_2.pdf), generated with kicad-footprint-generator")
    (tags resistor)
    (path /5DC93FAD)
    (attr smd)
    (fp_text reference R14 (at -2.7 -0.6 180) (layer F.SilkS)
      (effects (font (size 1 1) (thickness 0.15)))
    )
    (fp_text value 75 (at 0 1.65 90) (layer F.Fab)
      (effects (font (size 1 1) (thickness 0.15)))
    )
    (fp_line (start 1.68 0.95) (end -1.68 0.95) (layer F.CrtYd) (width 0.05))
    (fp_line (start 1.68 -0.95) (end 1.68 0.95) (layer F.CrtYd) (width 0.05))
    (fp_line (start -1.68 -0.95) (end 1.68 -0.95) (layer F.CrtYd) (width 0.05))
    (fp_line (start -1.68 0.95) (end -1.68 -0.95) (layer F.CrtYd) (width 0.05))
    (fp_line (start -0.227064 0.735) (end 0.227064 0.735) (layer F.SilkS) (width 0.12))
    (fp_line (start -0.227064 -0.735) (end 0.227064 -0.735) (layer F.SilkS) (width 0.12))
    (fp_line (start 1 0.625) (end -1 0.625) (layer F.Fab) (width 0.1))
    (fp_line (start 1 -0.625) (end 1 0.625) (layer F.Fab) (width 0.1))
    (fp_line (start -1 -0.625) (end 1 -0.625) (layer F.Fab) (width 0.1))
    (fp_line (start -1 0.625) (end -1 -0.625) (layer F.Fab) (width 0.1))
    (fp_text user %R (at 0 0 90) (layer F.Fab)
      (effects (font (size 0.5 0.5) (thickness 0.08)))
    )
    (pad 2 smd roundrect (at 0.9125 0 270) (size 1.025 1.4) (layers F.Cu F.Paste F.Mask) (roundrect_rratio 0.2439004878048781)
      (net 33 "Net-(R14-Pad2)"))
    (pad 1 smd roundrect (at -0.9125 0 270) (size 1.025 1.4) (layers F.Cu F.Paste F.Mask) (roundrect_rratio 0.2439004878048781)
      (net 46 "Net-(C14-Pad1)"))
    (model ${KISYS3DMOD}/Resistor_SMD.3dshapes/R_0805_2012Metric.wrl
      (at (xyz 0 0 0))
      (scale (xyz 1 1 1))
      (rotate (xyz 0 0 0))
    )
  )

  (module Resistor_SMD:R_0805_2012Metric (layer F.Cu) (tedit 5F68FEEE) (tstamp 60C13B42)
    (at 53.59 45)
    (descr "Resistor SMD 0805 (2012 Metric), square (rectangular) end terminal, IPC_7351 nominal, (Body size source: IPC-SM-782 page 72, https://www.pcb-3d.com/wordpress/wp-content/uploads/ipc-sm-782a_amendment_1_and_2.pdf), generated with kicad-footprint-generator")
    (tags resistor)
    (path /60C1454C)
    (attr smd)
    (fp_text reference R22 (at 0 -1.65) (layer F.SilkS)
      (effects (font (size 1 1) (thickness 0.15)))
    )
    (fp_text value 1k (at 0 1.65) (layer F.Fab)
      (effects (font (size 1 1) (thickness 0.15)))
    )
    (fp_line (start 1.68 0.95) (end -1.68 0.95) (layer F.CrtYd) (width 0.05))
    (fp_line (start 1.68 -0.95) (end 1.68 0.95) (layer F.CrtYd) (width 0.05))
    (fp_line (start -1.68 -0.95) (end 1.68 -0.95) (layer F.CrtYd) (width 0.05))
    (fp_line (start -1.68 0.95) (end -1.68 -0.95) (layer F.CrtYd) (width 0.05))
    (fp_line (start -0.227064 0.735) (end 0.227064 0.735) (layer F.SilkS) (width 0.12))
    (fp_line (start -0.227064 -0.735) (end 0.227064 -0.735) (layer F.SilkS) (width 0.12))
    (fp_line (start 1 0.625) (end -1 0.625) (layer F.Fab) (width 0.1))
    (fp_line (start 1 -0.625) (end 1 0.625) (layer F.Fab) (width 0.1))
    (fp_line (start -1 -0.625) (end 1 -0.625) (layer F.Fab) (width 0.1))
    (fp_line (start -1 0.625) (end -1 -0.625) (layer F.Fab) (width 0.1))
    (fp_text user %R (at 0 0) (layer F.Fab)
      (effects (font (size 0.5 0.5) (thickness 0.08)))
    )
    (pad 2 smd roundrect (at 0.9125 0) (size 1.025 1.4) (layers F.Cu F.Paste F.Mask) (roundrect_rratio 0.2439014634146341)
      (net 63 "Net-(D1-Pad2)"))
    (pad 1 smd roundrect (at -0.9125 0) (size 1.025 1.4) (layers F.Cu F.Paste F.Mask) (roundrect_rratio 0.2439014634146341)
      (net 5 VCC))
    (model ${KISYS3DMOD}/Resistor_SMD.3dshapes/R_0805_2012Metric.wrl
      (at (xyz 0 0 0))
      (scale (xyz 1 1 1))
      (rotate (xyz 0 0 0))
    )
  )

  (module LED_SMD:LED_0805_2012Metric (layer F.Cu) (tedit 5F68FEF1) (tstamp 60C136D3)
    (at 58 45 180)
    (descr "LED SMD 0805 (2012 Metric), square (rectangular) end terminal, IPC_7351 nominal, (Body size source: https://docs.google.com/spreadsheets/d/1BsfQQcO9C6DZCsRaXUlFlo91Tg2WpOkGARC1WS5S8t0/edit?usp=sharing), generated with kicad-footprint-generator")
    (tags LED)
    (path /60C1D817)
    (attr smd)
    (fp_text reference D1 (at 0 -1.65) (layer F.SilkS)
      (effects (font (size 1 1) (thickness 0.15)))
    )
    (fp_text value LED (at 0 1.65) (layer F.Fab)
      (effects (font (size 1 1) (thickness 0.15)))
    )
    (fp_line (start 1.68 0.95) (end -1.68 0.95) (layer F.CrtYd) (width 0.05))
    (fp_line (start 1.68 -0.95) (end 1.68 0.95) (layer F.CrtYd) (width 0.05))
    (fp_line (start -1.68 -0.95) (end 1.68 -0.95) (layer F.CrtYd) (width 0.05))
    (fp_line (start -1.68 0.95) (end -1.68 -0.95) (layer F.CrtYd) (width 0.05))
    (fp_line (start -1.685 0.96) (end 1 0.96) (layer F.SilkS) (width 0.12))
    (fp_line (start -1.685 -0.96) (end -1.685 0.96) (layer F.SilkS) (width 0.12))
    (fp_line (start 1 -0.96) (end -1.685 -0.96) (layer F.SilkS) (width 0.12))
    (fp_line (start 1 0.6) (end 1 -0.6) (layer F.Fab) (width 0.1))
    (fp_line (start -1 0.6) (end 1 0.6) (layer F.Fab) (width 0.1))
    (fp_line (start -1 -0.3) (end -1 0.6) (layer F.Fab) (width 0.1))
    (fp_line (start -0.7 -0.6) (end -1 -0.3) (layer F.Fab) (width 0.1))
    (fp_line (start 1 -0.6) (end -0.7 -0.6) (layer F.Fab) (width 0.1))
    (fp_text user %R (at 0 0) (layer F.Fab)
      (effects (font (size 0.5 0.5) (thickness 0.08)))
    )
    (pad 2 smd roundrect (at 0.9375 0 180) (size 0.975 1.4) (layers F.Cu F.Paste F.Mask) (roundrect_rratio 0.25)
      (net 63 "Net-(D1-Pad2)"))
    (pad 1 smd roundrect (at -0.9375 0 180) (size 0.975 1.4) (layers F.Cu F.Paste F.Mask) (roundrect_rratio 0.25)
      (net 6 GND))
    (model ${KISYS3DMOD}/LED_SMD.3dshapes/LED_0805_2012Metric.wrl
      (at (xyz 0 0 0))
      (scale (xyz 1 1 1))
      (rotate (xyz 0 0 0))
    )
  )

  (module Resistor_SMD:R_0805_2012Metric (layer F.Cu) (tedit 5F68FEEE) (tstamp 60AA4CDB)
    (at 53.7 89)
    (descr "Resistor SMD 0805 (2012 Metric), square (rectangular) end terminal, IPC_7351 nominal, (Body size source: IPC-SM-782 page 72, https://www.pcb-3d.com/wordpress/wp-content/uploads/ipc-sm-782a_amendment_1_and_2.pdf), generated with kicad-footprint-generator")
    (tags resistor)
    (path /60AAAD05)
    (attr smd)
    (fp_text reference R21 (at 0 -1.65) (layer F.SilkS)
      (effects (font (size 1 1) (thickness 0.15)))
    )
    (fp_text value 1k (at 0 1.65) (layer F.Fab)
      (effects (font (size 1 1) (thickness 0.15)))
    )
    (fp_line (start -1 0.625) (end -1 -0.625) (layer F.Fab) (width 0.1))
    (fp_line (start -1 -0.625) (end 1 -0.625) (layer F.Fab) (width 0.1))
    (fp_line (start 1 -0.625) (end 1 0.625) (layer F.Fab) (width 0.1))
    (fp_line (start 1 0.625) (end -1 0.625) (layer F.Fab) (width 0.1))
    (fp_line (start -0.227064 -0.735) (end 0.227064 -0.735) (layer F.SilkS) (width 0.12))
    (fp_line (start -0.227064 0.735) (end 0.227064 0.735) (layer F.SilkS) (width 0.12))
    (fp_line (start -1.68 0.95) (end -1.68 -0.95) (layer F.CrtYd) (width 0.05))
    (fp_line (start -1.68 -0.95) (end 1.68 -0.95) (layer F.CrtYd) (width 0.05))
    (fp_line (start 1.68 -0.95) (end 1.68 0.95) (layer F.CrtYd) (width 0.05))
    (fp_line (start 1.68 0.95) (end -1.68 0.95) (layer F.CrtYd) (width 0.05))
    (fp_text user %R (at 0 0) (layer F.Fab)
      (effects (font (size 0.5 0.5) (thickness 0.08)))
    )
    (pad 2 smd roundrect (at 0.9125 0) (size 1.025 1.4) (layers F.Cu F.Paste F.Mask) (roundrect_rratio 0.2439014634146341)
      (net 61 "Net-(R21-Pad2)"))
    (pad 1 smd roundrect (at -0.9125 0) (size 1.025 1.4) (layers F.Cu F.Paste F.Mask) (roundrect_rratio 0.2439014634146341)
      (net 62 "Net-(R21-Pad1)"))
    (model ${KISYS3DMOD}/Resistor_SMD.3dshapes/R_0805_2012Metric.wrl
      (at (xyz 0 0 0))
      (scale (xyz 1 1 1))
      (rotate (xyz 0 0 0))
    )
  )

  (module Capacitor_SMD:C_0805_2012Metric (layer F.Cu) (tedit 5F68FEEE) (tstamp 60AA48AC)
    (at 32 43.5)
    (descr "Capacitor SMD 0805 (2012 Metric), square (rectangular) end terminal, IPC_7351 nominal, (Body size source: IPC-SM-782 page 76, https://www.pcb-3d.com/wordpress/wp-content/uploads/ipc-sm-782a_amendment_1_and_2.pdf, https://docs.google.com/spreadsheets/d/1BsfQQcO9C6DZCsRaXUlFlo91Tg2WpOkGARC1WS5S8t0/edit?usp=sharing), generated with kicad-footprint-generator")
    (tags capacitor)
    (path /60AAC928)
    (attr smd)
    (fp_text reference FB1 (at 0 -1.68) (layer F.SilkS)
      (effects (font (size 1 1) (thickness 0.15)))
    )
    (fp_text value Ferrite_Bead_Small (at 0 1.68) (layer F.Fab)
      (effects (font (size 1 1) (thickness 0.15)))
    )
    (fp_line (start -1 0.625) (end -1 -0.625) (layer F.Fab) (width 0.1))
    (fp_line (start -1 -0.625) (end 1 -0.625) (layer F.Fab) (width 0.1))
    (fp_line (start 1 -0.625) (end 1 0.625) (layer F.Fab) (width 0.1))
    (fp_line (start 1 0.625) (end -1 0.625) (layer F.Fab) (width 0.1))
    (fp_line (start -0.261252 -0.735) (end 0.261252 -0.735) (layer F.SilkS) (width 0.12))
    (fp_line (start -0.261252 0.735) (end 0.261252 0.735) (layer F.SilkS) (width 0.12))
    (fp_line (start -1.7 0.98) (end -1.7 -0.98) (layer F.CrtYd) (width 0.05))
    (fp_line (start -1.7 -0.98) (end 1.7 -0.98) (layer F.CrtYd) (width 0.05))
    (fp_line (start 1.7 -0.98) (end 1.7 0.98) (layer F.CrtYd) (width 0.05))
    (fp_line (start 1.7 0.98) (end -1.7 0.98) (layer F.CrtYd) (width 0.05))
    (fp_text user %R (at 0 0) (layer F.Fab)
      (effects (font (size 0.5 0.5) (thickness 0.08)))
    )
    (pad 2 smd roundrect (at 0.95 0) (size 1 1.45) (layers F.Cu F.Paste F.Mask) (roundrect_rratio 0.25)
      (net 7 +5V))
    (pad 1 smd roundrect (at -0.95 0) (size 1 1.45) (layers F.Cu F.Paste F.Mask) (roundrect_rratio 0.25)
      (net 60 "Net-(FB1-Pad1)"))
    (model ${KISYS3DMOD}/Capacitor_SMD.3dshapes/C_0805_2012Metric.wrl
      (at (xyz 0 0 0))
      (scale (xyz 1 1 1))
      (rotate (xyz 0 0 0))
    )
  )

  (module Resistor_SMD:R_0805_2012Metric (layer F.Cu) (tedit 5F68FEEE) (tstamp 5FDD56E1)
    (at 46.4 92 270)
    (descr "Resistor SMD 0805 (2012 Metric), square (rectangular) end terminal, IPC_7351 nominal, (Body size source: IPC-SM-782 page 72, https://www.pcb-3d.com/wordpress/wp-content/uploads/ipc-sm-782a_amendment_1_and_2.pdf), generated with kicad-footprint-generator")
    (tags resistor)
    (path /5FEDF6A6)
    (attr smd)
    (fp_text reference R20 (at 0 -1.65 90) (layer F.SilkS) hide
      (effects (font (size 1 1) (thickness 0.15)))
    )
    (fp_text value 75 (at 0 1.65 90) (layer F.Fab)
      (effects (font (size 1 1) (thickness 0.15)))
    )
    (fp_line (start 1.68 0.95) (end -1.68 0.95) (layer F.CrtYd) (width 0.05))
    (fp_line (start 1.68 -0.95) (end 1.68 0.95) (layer F.CrtYd) (width 0.05))
    (fp_line (start -1.68 -0.95) (end 1.68 -0.95) (layer F.CrtYd) (width 0.05))
    (fp_line (start -1.68 0.95) (end -1.68 -0.95) (layer F.CrtYd) (width 0.05))
    (fp_line (start -0.227064 0.735) (end 0.227064 0.735) (layer F.SilkS) (width 0.12))
    (fp_line (start -0.227064 -0.735) (end 0.227064 -0.735) (layer F.SilkS) (width 0.12))
    (fp_line (start 1 0.625) (end -1 0.625) (layer F.Fab) (width 0.1))
    (fp_line (start 1 -0.625) (end 1 0.625) (layer F.Fab) (width 0.1))
    (fp_line (start -1 -0.625) (end 1 -0.625) (layer F.Fab) (width 0.1))
    (fp_line (start -1 0.625) (end -1 -0.625) (layer F.Fab) (width 0.1))
    (fp_text user %R (at 0 0 90) (layer F.Fab)
      (effects (font (size 0.5 0.5) (thickness 0.08)))
    )
    (pad 2 smd roundrect (at 0.9125 0 270) (size 1.025 1.4) (layers F.Cu F.Paste F.Mask) (roundrect_rratio 0.2439004878048781)
      (net 59 "Net-(R20-Pad2)"))
    (pad 1 smd roundrect (at -0.9125 0 270) (size 1.025 1.4) (layers F.Cu F.Paste F.Mask) (roundrect_rratio 0.2439004878048781)
      (net 53 "Net-(C17-Pad2)"))
    (model ${KISYS3DMOD}/Resistor_SMD.3dshapes/R_0805_2012Metric.wrl
      (at (xyz 0 0 0))
      (scale (xyz 1 1 1))
      (rotate (xyz 0 0 0))
    )
  )

  (module Resistor_SMD:R_0805_2012Metric (layer F.Cu) (tedit 5F68FEEE) (tstamp 5FDD56B1)
    (at 44.4 92 270)
    (descr "Resistor SMD 0805 (2012 Metric), square (rectangular) end terminal, IPC_7351 nominal, (Body size source: IPC-SM-782 page 72, https://www.pcb-3d.com/wordpress/wp-content/uploads/ipc-sm-782a_amendment_1_and_2.pdf), generated with kicad-footprint-generator")
    (tags resistor)
    (path /5FEDF6AD)
    (attr smd)
    (fp_text reference R19 (at 0 -1.65 90) (layer F.SilkS) hide
      (effects (font (size 1 1) (thickness 0.15)))
    )
    (fp_text value 75 (at 0 1.65 90) (layer F.Fab)
      (effects (font (size 1 1) (thickness 0.15)))
    )
    (fp_line (start 1.68 0.95) (end -1.68 0.95) (layer F.CrtYd) (width 0.05))
    (fp_line (start 1.68 -0.95) (end 1.68 0.95) (layer F.CrtYd) (width 0.05))
    (fp_line (start -1.68 -0.95) (end 1.68 -0.95) (layer F.CrtYd) (width 0.05))
    (fp_line (start -1.68 0.95) (end -1.68 -0.95) (layer F.CrtYd) (width 0.05))
    (fp_line (start -0.227064 0.735) (end 0.227064 0.735) (layer F.SilkS) (width 0.12))
    (fp_line (start -0.227064 -0.735) (end 0.227064 -0.735) (layer F.SilkS) (width 0.12))
    (fp_line (start 1 0.625) (end -1 0.625) (layer F.Fab) (width 0.1))
    (fp_line (start 1 -0.625) (end 1 0.625) (layer F.Fab) (width 0.1))
    (fp_line (start -1 -0.625) (end 1 -0.625) (layer F.Fab) (width 0.1))
    (fp_line (start -1 0.625) (end -1 -0.625) (layer F.Fab) (width 0.1))
    (fp_text user %R (at 0 0 90) (layer F.Fab)
      (effects (font (size 0.5 0.5) (thickness 0.08)))
    )
    (pad 2 smd roundrect (at 0.9125 0 270) (size 1.025 1.4) (layers F.Cu F.Paste F.Mask) (roundrect_rratio 0.2439004878048781)
      (net 58 "Net-(R19-Pad2)"))
    (pad 1 smd roundrect (at -0.9125 0 270) (size 1.025 1.4) (layers F.Cu F.Paste F.Mask) (roundrect_rratio 0.2439004878048781)
      (net 52 "Net-(C16-Pad2)"))
    (model ${KISYS3DMOD}/Resistor_SMD.3dshapes/R_0805_2012Metric.wrl
      (at (xyz 0 0 0))
      (scale (xyz 1 1 1))
      (rotate (xyz 0 0 0))
    )
  )

  (module Resistor_SMD:R_0805_2012Metric (layer F.Cu) (tedit 5F68FEEE) (tstamp 5FDD5681)
    (at 42.4 92 270)
    (descr "Resistor SMD 0805 (2012 Metric), square (rectangular) end terminal, IPC_7351 nominal, (Body size source: IPC-SM-782 page 72, https://www.pcb-3d.com/wordpress/wp-content/uploads/ipc-sm-782a_amendment_1_and_2.pdf), generated with kicad-footprint-generator")
    (tags resistor)
    (path /5FEDF6B4)
    (attr smd)
    (fp_text reference R18 (at 0 -1.65 90) (layer F.SilkS) hide
      (effects (font (size 1 1) (thickness 0.15)))
    )
    (fp_text value 75 (at 0 1.65 90) (layer F.Fab)
      (effects (font (size 1 1) (thickness 0.15)))
    )
    (fp_line (start 1.68 0.95) (end -1.68 0.95) (layer F.CrtYd) (width 0.05))
    (fp_line (start 1.68 -0.95) (end 1.68 0.95) (layer F.CrtYd) (width 0.05))
    (fp_line (start -1.68 -0.95) (end 1.68 -0.95) (layer F.CrtYd) (width 0.05))
    (fp_line (start -1.68 0.95) (end -1.68 -0.95) (layer F.CrtYd) (width 0.05))
    (fp_line (start -0.227064 0.735) (end 0.227064 0.735) (layer F.SilkS) (width 0.12))
    (fp_line (start -0.227064 -0.735) (end 0.227064 -0.735) (layer F.SilkS) (width 0.12))
    (fp_line (start 1 0.625) (end -1 0.625) (layer F.Fab) (width 0.1))
    (fp_line (start 1 -0.625) (end 1 0.625) (layer F.Fab) (width 0.1))
    (fp_line (start -1 -0.625) (end 1 -0.625) (layer F.Fab) (width 0.1))
    (fp_line (start -1 0.625) (end -1 -0.625) (layer F.Fab) (width 0.1))
    (fp_text user %R (at 0 0 90) (layer F.Fab)
      (effects (font (size 0.5 0.5) (thickness 0.08)))
    )
    (pad 2 smd roundrect (at 0.9125 0 270) (size 1.025 1.4) (layers F.Cu F.Paste F.Mask) (roundrect_rratio 0.2439004878048781)
      (net 57 "Net-(R18-Pad2)"))
    (pad 1 smd roundrect (at -0.9125 0 270) (size 1.025 1.4) (layers F.Cu F.Paste F.Mask) (roundrect_rratio 0.2439004878048781)
      (net 51 "Net-(C15-Pad2)"))
    (model ${KISYS3DMOD}/Resistor_SMD.3dshapes/R_0805_2012Metric.wrl
      (at (xyz 0 0 0))
      (scale (xyz 1 1 1))
      (rotate (xyz 0 0 0))
    )
  )

  (module Capacitor_SMD:CP_Elec_6.3x5.4 (layer F.Cu) (tedit 5BCA39D0) (tstamp 5FDD4F8D)
    (at 62 51)
    (descr "SMD capacitor, aluminum electrolytic, Panasonic C55, 6.3x5.4mm")
    (tags "capacitor electrolytic")
    (path /5FD18E68)
    (attr smd)
    (fp_text reference C12 (at 0 -4.35) (layer F.SilkS)
      (effects (font (size 1 1) (thickness 0.15)))
    )
    (fp_text value 220u (at 0 4.35) (layer F.Fab)
      (effects (font (size 1 1) (thickness 0.15)))
    )
    (fp_line (start -4.8 1.05) (end -3.55 1.05) (layer F.CrtYd) (width 0.05))
    (fp_line (start -4.8 -1.05) (end -4.8 1.05) (layer F.CrtYd) (width 0.05))
    (fp_line (start -3.55 -1.05) (end -4.8 -1.05) (layer F.CrtYd) (width 0.05))
    (fp_line (start -3.55 1.05) (end -3.55 2.4) (layer F.CrtYd) (width 0.05))
    (fp_line (start -3.55 -2.4) (end -3.55 -1.05) (layer F.CrtYd) (width 0.05))
    (fp_line (start -3.55 -2.4) (end -2.4 -3.55) (layer F.CrtYd) (width 0.05))
    (fp_line (start -3.55 2.4) (end -2.4 3.55) (layer F.CrtYd) (width 0.05))
    (fp_line (start -2.4 -3.55) (end 3.55 -3.55) (layer F.CrtYd) (width 0.05))
    (fp_line (start -2.4 3.55) (end 3.55 3.55) (layer F.CrtYd) (width 0.05))
    (fp_line (start 3.55 1.05) (end 3.55 3.55) (layer F.CrtYd) (width 0.05))
    (fp_line (start 4.8 1.05) (end 3.55 1.05) (layer F.CrtYd) (width 0.05))
    (fp_line (start 4.8 -1.05) (end 4.8 1.05) (layer F.CrtYd) (width 0.05))
    (fp_line (start 3.55 -1.05) (end 4.8 -1.05) (layer F.CrtYd) (width 0.05))
    (fp_line (start 3.55 -3.55) (end 3.55 -1.05) (layer F.CrtYd) (width 0.05))
    (fp_line (start -4.04375 -2.24125) (end -4.04375 -1.45375) (layer F.SilkS) (width 0.12))
    (fp_line (start -4.4375 -1.8475) (end -3.65 -1.8475) (layer F.SilkS) (width 0.12))
    (fp_line (start -3.41 2.345563) (end -2.345563 3.41) (layer F.SilkS) (width 0.12))
    (fp_line (start -3.41 -2.345563) (end -2.345563 -3.41) (layer F.SilkS) (width 0.12))
    (fp_line (start -3.41 -2.345563) (end -3.41 -1.06) (layer F.SilkS) (width 0.12))
    (fp_line (start -3.41 2.345563) (end -3.41 1.06) (layer F.SilkS) (width 0.12))
    (fp_line (start -2.345563 3.41) (end 3.41 3.41) (layer F.SilkS) (width 0.12))
    (fp_line (start -2.345563 -3.41) (end 3.41 -3.41) (layer F.SilkS) (width 0.12))
    (fp_line (start 3.41 -3.41) (end 3.41 -1.06) (layer F.SilkS) (width 0.12))
    (fp_line (start 3.41 3.41) (end 3.41 1.06) (layer F.SilkS) (width 0.12))
    (fp_line (start -2.389838 -1.645) (end -2.389838 -1.015) (layer F.Fab) (width 0.1))
    (fp_line (start -2.704838 -1.33) (end -2.074838 -1.33) (layer F.Fab) (width 0.1))
    (fp_line (start -3.3 2.3) (end -2.3 3.3) (layer F.Fab) (width 0.1))
    (fp_line (start -3.3 -2.3) (end -2.3 -3.3) (layer F.Fab) (width 0.1))
    (fp_line (start -3.3 -2.3) (end -3.3 2.3) (layer F.Fab) (width 0.1))
    (fp_line (start -2.3 3.3) (end 3.3 3.3) (layer F.Fab) (width 0.1))
    (fp_line (start -2.3 -3.3) (end 3.3 -3.3) (layer F.Fab) (width 0.1))
    (fp_line (start 3.3 -3.3) (end 3.3 3.3) (layer F.Fab) (width 0.1))
    (fp_circle (center 0 0) (end 3.15 0) (layer F.Fab) (width 0.1))
    (fp_text user %R (at 0 0) (layer F.Fab)
      (effects (font (size 1 1) (thickness 0.15)))
    )
    (pad 2 smd roundrect (at 2.8 0) (size 3.5 1.6) (layers F.Cu F.Paste F.Mask) (roundrect_rratio 0.15625)
      (net 41 "Net-(C12-Pad2)"))
    (pad 1 smd roundrect (at -2.8 0) (size 3.5 1.6) (layers F.Cu F.Paste F.Mask) (roundrect_rratio 0.15625)
      (net 42 "Net-(C12-Pad1)"))
    (model ${KISYS3DMOD}/Capacitor_SMD.3dshapes/CP_Elec_6.3x5.4.wrl
      (at (xyz 0 0 0))
      (scale (xyz 1 1 1))
      (rotate (xyz 0 0 0))
    )
  )

  (module Capacitor_SMD:C_0805_2012Metric (layer F.Cu) (tedit 5F68FEEE) (tstamp 5FDCE44C)
    (at 46.4 88.6 270)
    (descr "Capacitor SMD 0805 (2012 Metric), square (rectangular) end terminal, IPC_7351 nominal, (Body size source: IPC-SM-782 page 76, https://www.pcb-3d.com/wordpress/wp-content/uploads/ipc-sm-782a_amendment_1_and_2.pdf, https://docs.google.com/spreadsheets/d/1BsfQQcO9C6DZCsRaXUlFlo91Tg2WpOkGARC1WS5S8t0/edit?usp=sharing), generated with kicad-footprint-generator")
    (tags capacitor)
    (path /5FE6E45C)
    (attr smd)
    (fp_text reference C17 (at 0 -1.68 90) (layer F.SilkS) hide
      (effects (font (size 1 1) (thickness 0.15)))
    )
    (fp_text value 1u (at 0 1.68 90) (layer F.Fab)
      (effects (font (size 1 1) (thickness 0.15)))
    )
    (fp_line (start 1.7 0.98) (end -1.7 0.98) (layer F.CrtYd) (width 0.05))
    (fp_line (start 1.7 -0.98) (end 1.7 0.98) (layer F.CrtYd) (width 0.05))
    (fp_line (start -1.7 -0.98) (end 1.7 -0.98) (layer F.CrtYd) (width 0.05))
    (fp_line (start -1.7 0.98) (end -1.7 -0.98) (layer F.CrtYd) (width 0.05))
    (fp_line (start -0.261252 0.735) (end 0.261252 0.735) (layer F.SilkS) (width 0.12))
    (fp_line (start -0.261252 -0.735) (end 0.261252 -0.735) (layer F.SilkS) (width 0.12))
    (fp_line (start 1 0.625) (end -1 0.625) (layer F.Fab) (width 0.1))
    (fp_line (start 1 -0.625) (end 1 0.625) (layer F.Fab) (width 0.1))
    (fp_line (start -1 -0.625) (end 1 -0.625) (layer F.Fab) (width 0.1))
    (fp_line (start -1 0.625) (end -1 -0.625) (layer F.Fab) (width 0.1))
    (fp_text user %R (at 0 0 90) (layer F.Fab)
      (effects (font (size 0.5 0.5) (thickness 0.08)))
    )
    (pad 2 smd roundrect (at 0.95 0 270) (size 1 1.45) (layers F.Cu F.Paste F.Mask) (roundrect_rratio 0.25)
      (net 53 "Net-(C17-Pad2)"))
    (pad 1 smd roundrect (at -0.95 0 270) (size 1 1.45) (layers F.Cu F.Paste F.Mask) (roundrect_rratio 0.25)
      (net 54 "Net-(C17-Pad1)"))
    (model ${KISYS3DMOD}/Capacitor_SMD.3dshapes/C_0805_2012Metric.wrl
      (at (xyz 0 0 0))
      (scale (xyz 1 1 1))
      (rotate (xyz 0 0 0))
    )
  )

  (module Capacitor_SMD:C_0805_2012Metric (layer F.Cu) (tedit 5F68FEEE) (tstamp 5FDCE43B)
    (at 44.4 88.6 270)
    (descr "Capacitor SMD 0805 (2012 Metric), square (rectangular) end terminal, IPC_7351 nominal, (Body size source: IPC-SM-782 page 76, https://www.pcb-3d.com/wordpress/wp-content/uploads/ipc-sm-782a_amendment_1_and_2.pdf, https://docs.google.com/spreadsheets/d/1BsfQQcO9C6DZCsRaXUlFlo91Tg2WpOkGARC1WS5S8t0/edit?usp=sharing), generated with kicad-footprint-generator")
    (tags capacitor)
    (path /5FE6E455)
    (attr smd)
    (fp_text reference C16 (at 0 -1.68 90) (layer F.SilkS) hide
      (effects (font (size 1 1) (thickness 0.15)))
    )
    (fp_text value 1u (at 0 1.68 90) (layer F.Fab)
      (effects (font (size 1 1) (thickness 0.15)))
    )
    (fp_line (start 1.7 0.98) (end -1.7 0.98) (layer F.CrtYd) (width 0.05))
    (fp_line (start 1.7 -0.98) (end 1.7 0.98) (layer F.CrtYd) (width 0.05))
    (fp_line (start -1.7 -0.98) (end 1.7 -0.98) (layer F.CrtYd) (width 0.05))
    (fp_line (start -1.7 0.98) (end -1.7 -0.98) (layer F.CrtYd) (width 0.05))
    (fp_line (start -0.261252 0.735) (end 0.261252 0.735) (layer F.SilkS) (width 0.12))
    (fp_line (start -0.261252 -0.735) (end 0.261252 -0.735) (layer F.SilkS) (width 0.12))
    (fp_line (start 1 0.625) (end -1 0.625) (layer F.Fab) (width 0.1))
    (fp_line (start 1 -0.625) (end 1 0.625) (layer F.Fab) (width 0.1))
    (fp_line (start -1 -0.625) (end 1 -0.625) (layer F.Fab) (width 0.1))
    (fp_line (start -1 0.625) (end -1 -0.625) (layer F.Fab) (width 0.1))
    (fp_text user %R (at 0 0 90) (layer F.Fab)
      (effects (font (size 0.5 0.5) (thickness 0.08)))
    )
    (pad 2 smd roundrect (at 0.95 0 270) (size 1 1.45) (layers F.Cu F.Paste F.Mask) (roundrect_rratio 0.25)
      (net 52 "Net-(C16-Pad2)"))
    (pad 1 smd roundrect (at -0.95 0 270) (size 1 1.45) (layers F.Cu F.Paste F.Mask) (roundrect_rratio 0.25)
      (net 55 "Net-(C16-Pad1)"))
    (model ${KISYS3DMOD}/Capacitor_SMD.3dshapes/C_0805_2012Metric.wrl
      (at (xyz 0 0 0))
      (scale (xyz 1 1 1))
      (rotate (xyz 0 0 0))
    )
  )

  (module Capacitor_SMD:C_0805_2012Metric (layer F.Cu) (tedit 5F68FEEE) (tstamp 5FDCE42A)
    (at 42.4 88.6 270)
    (descr "Capacitor SMD 0805 (2012 Metric), square (rectangular) end terminal, IPC_7351 nominal, (Body size source: IPC-SM-782 page 76, https://www.pcb-3d.com/wordpress/wp-content/uploads/ipc-sm-782a_amendment_1_and_2.pdf, https://docs.google.com/spreadsheets/d/1BsfQQcO9C6DZCsRaXUlFlo91Tg2WpOkGARC1WS5S8t0/edit?usp=sharing), generated with kicad-footprint-generator")
    (tags capacitor)
    (path /5FE6E44E)
    (attr smd)
    (fp_text reference C15 (at 0 -1.68 90) (layer F.SilkS) hide
      (effects (font (size 1 1) (thickness 0.15)))
    )
    (fp_text value 1u (at 0 1.68 90) (layer F.Fab)
